Para: 23, Fecha: 2024-10-25T10:24:45.805604400, Mensaje: rafa hola
Para: 1, Fecha: 2024-10-25T10:45:41.885509500, Mensaje: ponpa jjagjkghjdgshdkcuchsjkcjskjhdcjksdc
